vvvvvvvvvvvvvvvvvvvvvv

reviewing contract contract-98380.cct on host stormtech

type: Total Ways to Sum

proposed answer: 1,1,1,1,1,1,1,1,1,1,1,1,1,1,1,1,1,1,10,1,1,1,1,1,1,1,1,11,1,1,1,1,1,1,1,12,1,1,1,1,1,1,13,1,1,1,1,1,14,1,1,1,1,15,1,1,1,16,1,1,17,1,2,1,1,1,1,1,1,1,1,1,1,1,1,1,1,1,1,2,10,1,1,1,1,1,1,2,11,1,1,1,1,1,2,12,1,1,1,1,2,13,1,1,1,2,14,1,1,2,15,1,2,16,2,2,1,1,1,1,1,1,1,1,1,1,1,1,1,1,2,2,10,1,1,1,1,2,2,11,1,1,1,2,2,12,1,1,2,2,13,1,2,2,14,2,2,2,1,1,1,1,1,1,1,1,1,1,1,1,2,2,2,10,1,1,2,2,2,11,1,2,2,2,12,2,2,2,2,1,1,1,1,1,1,1,1,1,1,2,2,2,2,10,2,2,2,2,2,1,1,1,1,1,1,1,1,2,2,2,2,2,2,1,1,1,1,1,1,2,2,2,2,2,2,2,1,1,1,1,2,2,2,2,2,2,2,2,1,1,2,2,2,2,2,2,2,2,2,3,1,1,1,1,1,1,1,1,1,1,1,1,1,1,1,3,10,1,1,1,1,1,3,11,1,1,1,1,3,12,1,1,1,3,13,1,1,3,14,1,3,15,3,2,1,1,1,1,1,1,1,1,1,1,1,1,1,3,2,10,1,1,1,3,2,11,1,1,3,2,12,1,3,2,13,3,2,2,1,1,1,1,1,1,1,1,1,1,1,3,2,2,10,1,3,2,2,11,3,2,2,2,1,1,1,1,1,1,1,1,1,3,2,2,2,2,1,1,1,1,1,1,1,3,2,2,2,2,2,1,1,1,1,1,3,2,2,2,2,2,2,1,1,1,3,2,2,2,2,2,2,2,1,3,3,1,1,1,1,1,1,1,1,1,1,1,1,3,3,10,1,1,3,3,11,1,3,3,12,3,3,2,1,1,1,1,1,1,1,1,1,1,3,3,2,10,3,3,2,2,1,1,1,1,1,1,1,1,3,3,2,2,2,1,1,1,1,1,1,3,3,2,2,2,2,1,1,1,1,3,3,2,2,2,2,2,1,1,3,3,2,2,2,2,2,2,3,3,3,1,1,1,1,1,1,1,1,1,3,3,3,2,1,1,1,1,1,1,1,3,3,3,2,2,1,1,1,1,1,3,3,3,2,2,2,1,1,1,3,3,3,2,2,2,2,1,3,3,3,3,1,1,1,1,1,1,3,3,3,3,2,1,1,1,1,3,3,3,3,2,2,1,1,3,3,3,3,2,2,2,3,3,3,3,3,1,1,1,3,3,3,3,3,2,1,3,3,3,3,3,3,4,1,1,1,1,1,1,1,1,1,1,1,1,1,1,4,10,1,1,1,1,4,11,1,1,1,4,12,1,1,4,13,1,4,14,4,2,1,1,1,1,1,1,1,1,1,1,1,1,4,2,10,1,1,4,2,11,1,4,2,12,4,2,2,1,1,1,1,1,1,1,1,1,1,4,2,2,10,4,2,2,2,1,1,1,1,1,1,1,1,4,2,2,2,2,1,1,1,1,1,1,4,2,2,2,2,2,1,1,1,1,4,2,2,2,2,2,2,1,1,4,2,2,2,2,2,2,2,4,3,1,1,1,1,1,1,1,1,1,1,1,4,3,10,1,4,3,11,4,3,2,1,1,1,1,1,1,1,1,1,4,3,2,2,1,1,1,1,1,1,1,4,3,2,2,2,1,1,1,1,1,4,3,2,2,2,2,1,1,1,4,3,2,2,2,2,2,1,4,3,3,1,1,1,1,1,1,1,1,4,3,3,2,1,1,1,1,1,1,4,3,3,2,2,1,1,1,1,4,3,3,2,2,2,1,1,4,3,3,2,2,2,2,4,3,3,3,1,1,1,1,1,4,3,3,3,2,1,1,1,4,3,3,3,2,2,1,4,3,3,3,3,1,1,4,3,3,3,3,2,4,4,1,1,1,1,1,1,1,1,1,1,4,4,10,4,4,2,1,1,1,1,1,1,1,1,4,4,2,2,1,1,1,1,1,1,4,4,2,2,2,1,1,1,1,4,4,2,2,2,2,1,1,4,4,2,2,2,2,2,4,4,3,1,1,1,1,1,1,1,4,4,3,2,1,1,1,1,1,4,4,3,2,2,1,1,1,4,4,3,2,2,2,1,4,4,3,3,1,1,1,1,4,4,3,3,2,1,1,4,4,3,3,2,2,4,4,3,3,3,1,4,4,4,1,1,1,1,1,1,4,4,4,2,1,1,1,1,4,4,4,2,2,1,1,4,4,4,2,2,2,4,4,4,3,1,1,1,4,4,4,3,2,1,4,4,4,3,3,4,4,4,4,1,1,4,4,4,4,2,5,1,1,1,1,1,1,1,1,1,1,1,1,1,5,10,1,1,1,5,11,1,1,5,12,1,5,13,5,2,1,1,1,1,1,1,1,1,1,1,1,5,2,10,1,5,2,11,5,2,2,1,1,1,1,1,1,1,1,1,5,2,2,2,1,1,1,1,1,1,1,5,2,2,2,2,1,1,1,1,1,5,2,2,2,2,2,1,1,1,5,2,2,2,2,2,2,1,5,3,1,1,1,1,1,1,1,1,1,1,5,3,10,5,3,2,1,1,1,1,1,1,1,1,5,3,2,2,1,1,1,1,1,1,5,3,2,2,2,1,1,1,1,5,3,2,2,2,2,1,1,5,3,2,2,2,2,2,5,3,3,1,1,1,1,1,1,1,5,3,3,2,1,1,1,1,1,5,3,3,2,2,1,1,1,5,3,3,2,2,2,1,5,3,3,3,1,1,1,1,5,3,3,3,2,1,1,5,3,3,3,2,2,5,3,3,3,3,1,5,4,1,1,1,1,1,1,1,1,1,5,4,2,1,1,1,1,1,1,1,5,4,2,2,1,1,1,1,1,5,4,2,2,2,1,1,1,5,4,2,2,2,2,1,5,4,3,1,1,1,1,1,1,5,4,3,2,1,1,1,1,5,4,3,2,2,1,1,5,4,3,2,2,2,5,4,3,3,1,1,1,5,4,3,3,2,1,5,4,3,3,3,5,4,4,1,1,1,1,1,5,4,4,2,1,1,1,5,4,4,2,2,1,5,4,4,3,1,1,5,4,4,3,2,5,4,4,4,1,5,5,1,1,1,1,1,1,1,1,5,5,2,1,1,1,1,1,1,5,5,2,2,1,1,1,1,5,5,2,2,2,1,1,5,5,2,2,2,2,5,5,3,1,1,1,1,1,5,5,3,2,1,1,1,5,5,3,2,2,1,5,5,3,3,1,1,5,5,3,3,2,5,5,4,1,1,1,1,5,5,4,2,1,1,5,5,4,2,2,5,5,4,3,1,5,5,4,4,5,5,5,1,1,1,5,5,5,2,1,5,5,5,3,6,1,1,1,1,1,1,1,1,1,1,1,1,6,10,1,1,6,11,1,6,12,6,2,1,1,1,1,1,1,1,1,1,1,6,2,10,6,2,2,1,1,1,1,1,1,1,1,6,2,2,2,1,1,1,1,1,1,6,2,2,2,2,1,1,1,1,6,2,2,2,2,2,1,1,6,2,2,2,2,2,2,6,3,1,1,1,1,1,1,1,1,1,6,3,2,1,1,1,1,1,1,1,6,3,2,2,1,1,1,1,1,6,3,2,2,2,1,1,1,6,3,2,2,2,2,1,6,3,3,1,1,1,1,1,1,6,3,3,2,1,1,1,1,6,3,3,2,2,1,1,6,3,3,2,2,2,6,3,3,3,1,1,1,6,3,3,3,2,1,6,3,3,3,3,6,4,1,1,1,1,1,1,1,1,6,4,2,1,1,1,1,1,1,6,4,2,2,1,1,1,1,6,4,2,2,2,1,1,6,4,2,2,2,2,6,4,3,1,1,1,1,1,6,4,3,2,1,1,1,6,4,3,2,2,1,6,4,3,3,1,1,6,4,3,3,2,6,4,4,1,1,1,1,6,4,4,2,1,1,6,4,4,2,2,6,4,4,3,1,6,4,4,4,6,5,1,1,1,1,1,1,1,6,5,2,1,1,1,1,1,6,5,2,2,1,1,1,6,5,2,2,2,1,6,5,3,1,1,1,1,6,5,3,2,1,1,6,5,3,2,2,6,5,3,3,1,6,5,4,1,1,1,6,5,4,2,1,6,5,4,3,6,5,5,1,1,6,5,5,2,6,6,1,1,1,1,1,1,6,6,2,1,1,1,1,6,6,2,2,1,1,6,6,2,2,2,6,6,3,1,1,1,6,6,3,2,1,6,6,3,3,6,6,4,1,1,6,6,4,2,6,6,5,1,6,6,6,7,1,1,1,1,1,1,1,1,1,1,1,7,10,1,7,11,7,2,1,1,1,1,1,1,1,1,1,7,2,2,1,1,1,1,1,1,1,7,2,2,2,1,1,1,1,1,7,2,2,2,2,1,1,1,7,2,2,2,2,2,1,7,3,1,1,1,1,1,1,1,1,7,3,2,1,1,1,1,1,1,7,3,2,2,1,1,1,1,7,3,2,2,2,1,1,7,3,2,2,2,2,7,3,3,1,1,1,1,1,7,3,3,2,1,1,1,7,3,3,2,2,1,7,3,3,3,1,1,7,3,3,3,2,7,4,1,1,1,1,1,1,1,7,4,2,1,1,1,1,1,7,4,2,2,1,1,1,7,4,2,2,2,1,7,4,3,1,1,1,1,7,4,3,2,1,1,7,4,3,2,2,7,4,3,3,1,7,4,4,1,1,1,7,4,4,2,1,7,4,4,3,7,5,1,1,1,1,1,1,7,5,2,1,1,1,1,7,5,2,2,1,1,7,5,2,2,2,7,5,3,1,1,1,7,5,3,2,1,7,5,3,3,7,5,4,1,1,7,5,4,2,7,5,5,1,7,6,1,1,1,1,1,7,6,2,1,1,1,7,6,2,2,1,7,6,3,1,1,7,6,3,2,7,6,4,1,7,6,5,7,7,1,1,1,1,7,7,2,1,1,7,7,2,2,7,7,3,1,7,7,4,8,1,1,1,1,1,1,1,1,1,1,8,10,8,2,1,1,1,1,1,1,1,1,8,2,2,1,1,1,1,1,1,8,2,2,2,1,1,1,1,8,2,2,2,2,1,1,8,2,2,2,2,2,8,3,1,1,1,1,1,1,1,8,3,2,1,1,1,1,1,8,3,2,2,1,1,1,8,3,2,2,2,1,8,3,3,1,1,1,1,8,3,3,2,1,1,8,3,3,2,2,8,3,3,3,1,8,4,1,1,1,1,1,1,8,4,2,1,1,1,1,8,4,2,2,1,1,8,4,2,2,2,8,4,3,1,1,1,8,4,3,2,1,8,4,3,3,8,4,4,1,1,8,4,4,2,8,5,1,1,1,1,1,8,5,2,1,1,1,8,5,2,2,1,8,5,3,1,1,8,5,3,2,8,5,4,1,8,5,5,8,6,1,1,1,1,8,6,2,1,1,8,6,2,2,8,6,3,1,8,6,4,8,7,1,1,1,8,7,2,1,8,7,3,8,8,1,1,8,8,2,9,1,1,1,1,1,1,1,1,1,9,2,1,1,1,1,1,1,1,9,2,2,1,1,1,1,1,9,2,2,2,1,1,1,9,2,2,2,2,1,9,3,1,1,1,1,1,1,9,3,2,1,1,1,1,9,3,2,2,1,1,9,3,2,2,2,9,3,3,1,1,1,9,3,3,2,1,9,3,3,3,9,4,1,1,1,1,1,9,4,2,1,1,1,9,4,2,2,1,9,4,3,1,1,9,4,3,2,9,4,4,1,9,5,1,1,1,1,9,5,2,1,1,9,5,2,2,9,5,3,1,9,5,4,9,6,1,1,1,9,6,2,1,9,6,3,9,7,1,1,9,7,2,9,8,1,9,9

Incorrect!

contract description:

It is possible write four as a sum in exactly four different ways:

     3 + 1
     2 + 2
     2 + 1 + 1
     1 + 1 + 1 + 1

 How many different ways can the number 18 be written as a sum of at least two positive integers?

contract data: 18 (number, -1 long)

number of tries remaining: 9

^^^^^^^^^^^^^^^^^^^^^^




vvvvvvvvvvvvvvvvvvvvvv

reviewing contract contract-656483.cct on host microdyne

type: Total Ways to Sum

proposed answer: 1,1,1,1,1,1,1,1,1,1,1,1,1,1,1,1,1,1,1,1,1,1,1,1,10,1,1,1,1,1,1,1,1,1,1,1,1,1,1,10,10,1,1,1,1,11,1,1,1,1,1,1,1,1,1,1,1,1,1,11,10,1,1,1,11,11,1,1,12,1,1,1,1,1,1,1,1,1,1,1,1,12,10,1,1,12,11,1,12,12,13,1,1,1,1,1,1,1,1,1,1,1,13,10,1,13,11,14,1,1,1,1,1,1,1,1,1,1,14,10,15,1,1,1,1,1,1,1,1,1,16,1,1,1,1,1,1,1,1,17,1,1,1,1,1,1,1,18,1,1,1,1,1,1,19,1,1,1,1,1,2,1,1,1,1,1,1,1,1,1,1,1,1,1,1,1,1,1,1,1,1,1,1,2,10,1,1,1,1,1,1,1,1,1,1,1,1,2,10,10,1,1,2,11,1,1,1,1,1,1,1,1,1,1,1,2,11,10,1,2,11,11,2,12,1,1,1,1,1,1,1,1,1,1,2,12,10,2,13,1,1,1,1,1,1,1,1,1,2,14,1,1,1,1,1,1,1,1,2,15,1,1,1,1,1,1,1,2,16,1,1,1,1,1,1,2,17,1,1,1,1,1,2,18,1,1,1,1,2,19,1,1,1,2,2,1,1,1,1,1,1,1,1,1,1,1,1,1,1,1,1,1,1,1,1,2,2,10,1,1,1,1,1,1,1,1,1,1,2,2,10,10,2,2,11,1,1,1,1,1,1,1,1,1,2,2,12,1,1,1,1,1,1,1,1,2,2,13,1,1,1,1,1,1,1,2,2,14,1,1,1,1,1,1,2,2,15,1,1,1,1,1,2,2,16,1,1,1,1,2,2,17,1,1,1,2,2,18,1,1,2,2,19,1,2,2,2,1,1,1,1,1,1,1,1,1,1,1,1,1,1,1,1,1,1,2,2,2,10,1,1,1,1,1,1,1,1,2,2,2,11,1,1,1,1,1,1,1,2,2,2,12,1,1,1,1,1,1,2,2,2,13,1,1,1,1,1,2,2,2,14,1,1,1,1,2,2,2,15,1,1,1,2,2,2,16,1,1,2,2,2,17,1,2,2,2,18,2,2,2,2,1,1,1,1,1,1,1,1,1,1,1,1,1,1,1,1,2,2,2,2,10,1,1,1,1,1,1,2,2,2,2,11,1,1,1,1,1,2,2,2,2,12,1,1,1,1,2,2,2,2,13,1,1,1,2,2,2,2,14,1,1,2,2,2,2,15,1,2,2,2,2,16,2,2,2,2,2,1,1,1,1,1,1,1,1,1,1,1,1,1,1,2,2,2,2,2,10,1,1,1,1,2,2,2,2,2,11,1,1,1,2,2,2,2,2,12,1,1,2,2,2,2,2,13,1,2,2,2,2,2,14,2,2,2,2,2,2,1,1,1,1,1,1,1,1,1,1,1,1,2,2,2,2,2,2,10,1,1,2,2,2,2,2,2,11,1,2,2,2,2,2,2,12,2,2,2,2,2,2,2,1,1,1,1,1,1,1,1,1,1,2,2,2,2,2,2,2,10,2,2,2,2,2,2,2,2,1,1,1,1,1,1,1,1,2,2,2,2,2,2,2,2,2,1,1,1,1,1,1,2,2,2,2,2,2,2,2,2,2,1,1,1,1,2,2,2,2,2,2,2,2,2,2,2,1,1,2,2,2,2,2,2,2,2,2,2,2,2,20,1,1,1,1,20,2,1,1,20,2,2,21,1,1,1,21,2,1,22,1,1,22,2,23,1,3,1,1,1,1,1,1,1,1,1,1,1,1,1,1,1,1,1,1,1,1,1,3,10,1,1,1,1,1,1,1,1,1,1,1,3,10,10,1,3,11,1,1,1,1,1,1,1,1,1,1,3,11,10,3,12,1,1,1,1,1,1,1,1,1,3,13,1,1,1,1,1,1,1,1,3,14,1,1,1,1,1,1,1,3,15,1,1,1,1,1,1,3,16,1,1,1,1,1,3,17,1,1,1,1,3,18,1,1,1,3,19,1,1,3,2,1,1,1,1,1,1,1,1,1,1,1,1,1,1,1,1,1,1,1,3,2,10,1,1,1,1,1,1,1,1,1,3,2,11,1,1,1,1,1,1,1,1,3,2,12,1,1,1,1,1,1,1,3,2,13,1,1,1,1,1,1,3,2,14,1,1,1,1,1,3,2,15,1,1,1,1,3,2,16,1,1,1,3,2,17,1,1,3,2,18,1,3,2,19,3,2,2,1,1,1,1,1,1,1,1,1,1,1,1,1,1,1,1,1,3,2,2,10,1,1,1,1,1,1,1,3,2,2,11,1,1,1,1,1,1,3,2,2,12,1,1,1,1,1,3,2,2,13,1,1,1,1,3,2,2,14,1,1,1,3,2,2,15,1,1,3,2,2,16,1,3,2,2,17,3,2,2,2,1,1,1,1,1,1,1,1,1,1,1,1,1,1,1,3,2,2,2,10,1,1,1,1,1,3,2,2,2,11,1,1,1,1,3,2,2,2,12,1,1,1,3,2,2,2,13,1,1,3,2,2,2,14,1,3,2,2,2,15,3,2,2,2,2,1,1,1,1,1,1,1,1,1,1,1,1,1,3,2,2,2,2,10,1,1,1,3,2,2,2,2,11,1,1,3,2,2,2,2,12,1,3,2,2,2,2,13,3,2,2,2,2,2,1,1,1,1,1,1,1,1,1,1,1,3,2,2,2,2,2,10,1,3,2,2,2,2,2,11,3,2,2,2,2,2,2,1,1,1,1,1,1,1,1,1,3,2,2,2,2,2,2,2,1,1,1,1,1,1,1,3,2,2,2,2,2,2,2,2,1,1,1,1,1,3,2,2,2,2,2,2,2,2,2,1,1,1,3,2,2,2,2,2,2,2,2,2,2,1,3,20,1,3,21,3,3,1,1,1,1,1,1,1,1,1,1,1,1,1,1,1,1,1,1,3,3,10,1,1,1,1,1,1,1,1,3,3,11,1,1,1,1,1,1,1,3,3,12,1,1,1,1,1,1,3,3,13,1,1,1,1,1,3,3,14,1,1,1,1,3,3,15,1,1,1,3,3,16,1,1,3,3,17,1,3,3,18,3,3,2,1,1,1,1,1,1,1,1,1,1,1,1,1,1,1,1,3,3,2,10,1,1,1,1,1,1,3,3,2,11,1,1,1,1,1,3,3,2,12,1,1,1,1,3,3,2,13,1,1,1,3,3,2,14,1,1,3,3,2,15,1,3,3,2,16,3,3,2,2,1,1,1,1,1,1,1,1,1,1,1,1,1,1,3,3,2,2,10,1,1,1,1,3,3,2,2,11,1,1,1,3,3,2,2,12,1,1,3,3,2,2,13,1,3,3,2,2,14,3,3,2,2,2,1,1,1,1,1,1,1,1,1,1,1,1,3,3,2,2,2,10,1,1,3,3,2,2,2,11,1,3,3,2,2,2,12,3,3,2,2,2,2,1,1,1,1,1,1,1,1,1,1,3,3,2,2,2,2,10,3,3,2,2,2,2,2,1,1,1,1,1,1,1,1,3,3,2,2,2,2,2,2,1,1,1,1,1,1,3,3,2,2,2,2,2,2,2,1,1,1,1,3,3,2,2,2,2,2,2,2,2,1,1,3,3,2,2,2,2,2,2,2,2,2,3,3,3,1,1,1,1,1,1,1,1,1,1,1,1,1,1,1,3,3,3,10,1,1,1,1,1,3,3,3,11,1,1,1,1,3,3,3,12,1,1,1,3,3,3,13,1,1,3,3,3,14,1,3,3,3,15,3,3,3,2,1,1,1,1,1,1,1,1,1,1,1,1,1,3,3,3,2,10,1,1,1,3,3,3,2,11,1,1,3,3,3,2,12,1,3,3,3,2,13,3,3,3,2,2,1,1,1,1,1,1,1,1,1,1,1,3,3,3,2,2,10,1,3,3,3,2,2,11,3,3,3,2,2,2,1,1,1,1,1,1,1,1,1,3,3,3,2,2,2,2,1,1,1,1,1,1,1,3,3,3,2,2,2,2,2,1,1,1,1,1,3,3,3,2,2,2,2,2,2,1,1,1,3,3,3,2,2,2,2,2,2,2,1,3,3,3,3,1,1,1,1,1,1,1,1,1,1,1,1,3,3,3,3,10,1,1,3,3,3,3,11,1,3,3,3,3,12,3,3,3,3,2,1,1,1,1,1,1,1,1,1,1,3,3,3,3,2,10,3,3,3,3,2,2,1,1,1,1,1,1,1,1,3,3,3,3,2,2,2,1,1,1,1,1,1,3,3,3,3,2,2,2,2,1,1,1,1,3,3,3,3,2,2,2,2,2,1,1,3,3,3,3,2,2,2,2,2,2,3,3,3,3,3,1,1,1,1,1,1,1,1,1,3,3,3,3,3,2,1,1,1,1,1,1,1,3,3,3,3,3,2,2,1,1,1,1,1,3,3,3,3,3,2,2,2,1,1,1,3,3,3,3,3,2,2,2,2,1,3,3,3,3,3,3,1,1,1,1,1,1,3,3,3,3,3,3,2,1,1,1,1,3,3,3,3,3,3,2,2,1,1,3,3,3,3,3,3,2,2,2,3,3,3,3,3,3,3,1,1,1,3,3,3,3,3,3,3,2,1,3,3,3,3,3,3,3,3,4,1,1,1,1,1,1,1,1,1,1,1,1,1,1,1,1,1,1,1,1,4,10,1,1,1,1,1,1,1,1,1,1,4,10,10,4,11,1,1,1,1,1,1,1,1,1,4,12,1,1,1,1,1,1,1,1,4,13,1,1,1,1,1,1,1,4,14,1,1,1,1,1,1,4,15,1,1,1,1,1,4,16,1,1,1,1,4,17,1,1,1,4,18,1,1,4,19,1,4,2,1,1,1,1,1,1,1,1,1,1,1,1,1,1,1,1,1,1,4,2,10,1,1,1,1,1,1,1,1,4,2,11,1,1,1,1,1,1,1,4,2,12,1,1,1,1,1,1,4,2,13,1,1,1,1,1,4,2,14,1,1,1,1,4,2,15,1,1,1,4,2,16,1,1,4,2,17,1,4,2,18,4,2,2,1,1,1,1,1,1,1,1,1,1,1,1,1,1,1,1,4,2,2,10,1,1,1,1,1,1,4,2,2,11,1,1,1,1,1,4,2,2,12,1,1,1,1,4,2,2,13,1,1,1,4,2,2,14,1,1,4,2,2,15,1,4,2,2,16,4,2,2,2,1,1,1,1,1,1,1,1,1,1,1,1,1,1,4,2,2,2,10,1,1,1,1,4,2,2,2,11,1,1,1,4,2,2,2,12,1,1,4,2,2,2,13,1,4,2,2,2,14,4,2,2,2,2,1,1,1,1,1,1,1,1,1,1,1,1,4,2,2,2,2,10,1,1,4,2,2,2,2,11,1,4,2,2,2,2,12,4,2,2,2,2,2,1,1,1,1,1,1,1,1,1,1,4,2,2,2,2,2,10,4,2,2,2,2,2,2,1,1,1,1,1,1,1,1,4,2,2,2,2,2,2,2,1,1,1,1,1,1,4,2,2,2,2,2,2,2,2,1,1,1,1,4,2,2,2,2,2,2,2,2,2,1,1,4,2,2,2,2,2,2,2,2,2,2,4,20,4,3,1,1,1,1,1,1,1,1,1,1,1,1,1,1,1,1,1,4,3,10,1,1,1,1,1,1,1,4,3,11,1,1,1,1,1,1,4,3,12,1,1,1,1,1,4,3,13,1,1,1,1,4,3,14,1,1,1,4,3,15,1,1,4,3,16,1,4,3,17,4,3,2,1,1,1,1,1,1,1,1,1,1,1,1,1,1,1,4,3,2,10,1,1,1,1,1,4,3,2,11,1,1,1,1,4,3,2,12,1,1,1,4,3,2,13,1,1,4,3,2,14,1,4,3,2,15,4,3,2,2,1,1,1,1,1,1,1,1,1,1,1,1,1,4,3,2,2,10,1,1,1,4,3,2,2,11,1,1,4,3,2,2,12,1,4,3,2,2,13,4,3,2,2,2,1,1,1,1,1,1,1,1,1,1,1,4,3,2,2,2,10,1,4,3,2,2,2,11,4,3,2,2,2,2,1,1,1,1,1,1,1,1,1,4,3,2,2,2,2,2,1,1,1,1,1,1,1,4,3,2,2,2,2,2,2,1,1,1,1,1,4,3,2,2,2,2,2,2,2,1,1,1,4,3,2,2,2,2,2,2,2,2,1,4,3,3,1,1,1,1,1,1,1,1,1,1,1,1,1,1,4,3,3,10,1,1,1,1,4,3,3,11,1,1,1,4,3,3,12,1,1,4,3,3,13,1,4,3,3,14,4,3,3,2,1,1,1,1,1,1,1,1,1,1,1,1,4,3,3,2,10,1,1,4,3,3,2,11,1,4,3,3,2,12,4,3,3,2,2,1,1,1,1,1,1,1,1,1,1,4,3,3,2,2,10,4,3,3,2,2,2,1,1,1,1,1,1,1,1,4,3,3,2,2,2,2,1,1,1,1,1,1,4,3,3,2,2,2,2,2,1,1,1,1,4,3,3,2,2,2,2,2,2,1,1,4,3,3,2,2,2,2,2,2,2,4,3,3,3,1,1,1,1,1,1,1,1,1,1,1,4,3,3,3,10,1,4,3,3,3,11,4,3,3,3,2,1,1,1,1,1,1,1,1,1,4,3,3,3,2,2,1,1,1,1,1,1,1,4,3,3,3,2,2,2,1,1,1,1,1,4,3,3,3,2,2,2,2,1,1,1,4,3,3,3,2,2,2,2,2,1,4,3,3,3,3,1,1,1,1,1,1,1,1,4,3,3,3,3,2,1,1,1,1,1,1,4,3,3,3,3,2,2,1,1,1,1,4,3,3,3,3,2,2,2,1,1,4,3,3,3,3,2,2,2,2,4,3,3,3,3,3,1,1,1,1,1,4,3,3,3,3,3,2,1,1,1,4,3,3,3,3,3,2,2,1,4,3,3,3,3,3,3,1,1,4,3,3,3,3,3,3,2,4,4,1,1,1,1,1,1,1,1,1,1,1,1,1,1,1,1,4,4,10,1,1,1,1,1,1,4,4,11,1,1,1,1,1,4,4,12,1,1,1,1,4,4,13,1,1,1,4,4,14,1,1,4,4,15,1,4,4,16,4,4,2,1,1,1,1,1,1,1,1,1,1,1,1,1,1,4,4,2,10,1,1,1,1,4,4,2,11,1,1,1,4,4,2,12,1,1,4,4,2,13,1,4,4,2,14,4,4,2,2,1,1,1,1,1,1,1,1,1,1,1,1,4,4,2,2,10,1,1,4,4,2,2,11,1,4,4,2,2,12,4,4,2,2,2,1,1,1,1,1,1,1,1,1,1,4,4,2,2,2,10,4,4,2,2,2,2,1,1,1,1,1,1,1,1,4,4,2,2,2,2,2,1,1,1,1,1,1,4,4,2,2,2,2,2,2,1,1,1,1,4,4,2,2,2,2,2,2,2,1,1,4,4,2,2,2,2,2,2,2,2,4,4,3,1,1,1,1,1,1,1,1,1,1,1,1,1,4,4,3,10,1,1,1,4,4,3,11,1,1,4,4,3,12,1,4,4,3,13,4,4,3,2,1,1,1,1,1,1,1,1,1,1,1,4,4,3,2,10,1,4,4,3,2,11,4,4,3,2,2,1,1,1,1,1,1,1,1,1,4,4,3,2,2,2,1,1,1,1,1,1,1,4,4,3,2,2,2,2,1,1,1,1,1,4,4,3,2,2,2,2,2,1,1,1,4,4,3,2,2,2,2,2,2,1,4,4,3,3,1,1,1,1,1,1,1,1,1,1,4,4,3,3,10,4,4,3,3,2,1,1,1,1,1,1,1,1,4,4,3,3,2,2,1,1,1,1,1,1,4,4,3,3,2,2,2,1,1,1,1,4,4,3,3,2,2,2,2,1,1,4,4,3,3,2,2,2,2,2,4,4,3,3,3,1,1,1,1,1,1,1,4,4,3,3,3,2,1,1,1,1,1,4,4,3,3,3,2,2,1,1,1,4,4,3,3,3,2,2,2,1,4,4,3,3,3,3,1,1,1,1,4,4,3,3,3,3,2,1,1,4,4,3,3,3,3,2,2,4,4,3,3,3,3,3,1,4,4,4,1,1,1,1,1,1,1,1,1,1,1,1,4,4,4,10,1,1,4,4,4,11,1,4,4,4,12,4,4,4,2,1,1,1,1,1,1,1,1,1,1,4,4,4,2,10,4,4,4,2,2,1,1,1,1,1,1,1,1,4,4,4,2,2,2,1,1,1,1,1,1,4,4,4,2,2,2,2,1,1,1,1,4,4,4,2,2,2,2,2,1,1,4,4,4,2,2,2,2,2,2,4,4,4,3,1,1,1,1,1,1,1,1,1,4,4,4,3,2,1,1,1,1,1,1,1,4,4,4,3,2,2,1,1,1,1,1,4,4,4,3,2,2,2,1,1,1,4,4,4,3,2,2,2,2,1,4,4,4,3,3,1,1,1,1,1,1,4,4,4,3,3,2,1,1,1,1,4,4,4,3,3,2,2,1,1,4,4,4,3,3,2,2,2,4,4,4,3,3,3,1,1,1,4,4,4,3,3,3,2,1,4,4,4,3,3,3,3,4,4,4,4,1,1,1,1,1,1,1,1,4,4,4,4,2,1,1,1,1,1,1,4,4,4,4,2,2,1,1,1,1,4,4,4,4,2,2,2,1,1,4,4,4,4,2,2,2,2,4,4,4,4,3,1,1,1,1,1,4,4,4,4,3,2,1,1,1,4,4,4,4,3,2,2,1,4,4,4,4,3,3,1,1,4,4,4,4,3,3,2,4,4,4,4,4,1,1,1,1,4,4,4,4,4,2,1,1,4,4,4,4,4,2,2,4,4,4,4,4,3,1,4,4,4,4,4,4,5,1,1,1,1,1,1,1,1,1,1,1,1,1,1,1,1,1,1,1,5,10,1,1,1,1,1,1,1,1,1,5,11,1,1,1,1,1,1,1,1,5,12,1,1,1,1,1,1,1,5,13,1,1,1,1,1,1,5,14,1,1,1,1,1,5,15,1,1,1,1,5,16,1,1,1,5,17,1,1,5,18,1,5,19,5,2,1,1,1,1,1,1,1,1,1,1,1,1,1,1,1,1,1,5,2,10,1,1,1,1,1,1,1,5,2,11,1,1,1,1,1,1,5,2,12,1,1,1,1,1,5,2,13,1,1,1,1,5,2,14,1,1,1,5,2,15,1,1,5,2,16,1,5,2,17,5,2,2,1,1,1,1,1,1,1,1,1,1,1,1,1,1,1,5,2,2,10,1,1,1,1,1,5,2,2,11,1,1,1,1,5,2,2,12,1,1,1,5,2,2,13,1,1,5,2,2,14,1,5,2,2,15,5,2,2,2,1,1,1,1,1,1,1,1,1,1,1,1,1,5,2,2,2,10,1,1,1,5,2,2,2,11,1,1,5,2,2,2,12,1,5,2,2,2,13,5,2,2,2,2,1,1,1,1,1,1,1,1,1,1,1,5,2,2,2,2,10,1,5,2,2,2,2,11,5,2,2,2,2,2,1,1,1,1,1,1,1,1,1,5,2,2,2,2,2,2,1,1,1,1,1,1,1,5,2,2,2,2,2,2,2,1,1,1,1,1,5,2,2,2,2,2,2,2,2,1,1,1,5,2,2,2,2,2,2,2,2,2,1,5,3,1,1,1,1,1,1,1,1,1,1,1,1,1,1,1,1,5,3,10,1,1,1,1,1,1,5,3,11,1,1,1,1,1,5,3,12,1,1,1,1,5,3,13,1,1,1,5,3,14,1,1,5,3,15,1,5,3,16,5,3,2,1,1,1,1,1,1,1,1,1,1,1,1,1,1,5,3,2,10,1,1,1,1,5,3,2,11,1,1,1,5,3,2,12,1,1,5,3,2,13,1,5,3,2,14,5,3,2,2,1,1,1,1,1,1,1,1,1,1,1,1,5,3,2,2,10,1,1,5,3,2,2,11,1,5,3,2,2,12,5,3,2,2,2,1,1,1,1,1,1,1,1,1,1,5,3,2,2,2,10,5,3,2,2,2,2,1,1,1,1,1,1,1,1,5,3,2,2,2,2,2,1,1,1,1,1,1,5,3,2,2,2,2,2,2,1,1,1,1,5,3,2,2,2,2,2,2,2,1,1,5,3,2,2,2,2,2,2,2,2,5,3,3,1,1,1,1,1,1,1,1,1,1,1,1,1,5,3,3,10,1,1,1,5,3,3,11,1,1,5,3,3,12,1,5,3,3,13,5,3,3,2,1,1,1,1,1,1,1,1,1,1,1,5,3,3,2,10,1,5,3,3,2,11,5,3,3,2,2,1,1,1,1,1,1,1,1,1,5,3,3,2,2,2,1,1,1,1,1,1,1,5,3,3,2,2,2,2,1,1,1,1,1,5,3,3,2,2,2,2,2,1,1,1,5,3,3,2,2,2,2,2,2,1,5,3,3,3,1,1,1,1,1,1,1,1,1,1,5,3,3,3,10,5,3,3,3,2,1,1,1,1,1,1,1,1,5,3,3,3,2,2,1,1,1,1,1,1,5,3,3,3,2,2,2,1,1,1,1,5,3,3,3,2,2,2,2,1,1,5,3,3,3,2,2,2,2,2,5,3,3,3,3,1,1,1,1,1,1,1,5,3,3,3,3,2,1,1,1,1,1,5,3,3,3,3,2,2,1,1,1,5,3,3,3,3,2,2,2,1,5,3,3,3,3,3,1,1,1,1,5,3,3,3,3,3,2,1,1,5,3,3,3,3,3,2,2,5,3,3,3,3,3,3,1,5,4,1,1,1,1,1,1,1,1,1,1,1,1,1,1,1,5,4,10,1,1,1,1,1,5,4,11,1,1,1,1,5,4,12,1,1,1,5,4,13,1,1,5,4,14,1,5,4,15,5,4,2,1,1,1,1,1,1,1,1,1,1,1,1,1,5,4,2,10,1,1,1,5,4,2,11,1,1,5,4,2,12,1,5,4,2,13,5,4,2,2,1,1,1,1,1,1,1,1,1,1,1,5,4,2,2,10,1,5,4,2,2,11,5,4,2,2,2,1,1,1,1,1,1,1,1,1,5,4,2,2,2,2,1,1,1,1,1,1,1,5,4,2,2,2,2,2,1,1,1,1,1,5,4,2,2,2,2,2,2,1,1,1,5,4,2,2,2,2,2,2,2,1,5,4,3,1,1,1,1,1,1,1,1,1,1,1,1,5,4,3,10,1,1,5,4,3,11,1,5,4,3,12,5,4,3,2,1,1,1,1,1,1,1,1,1,1,5,4,3,2,10,5,4,3,2,2,1,1,1,1,1,1,1,1,5,4,3,2,2,2,1,1,1,1,1,1,5,4,3,2,2,2,2,1,1,1,1,5,4,3,2,2,2,2,2,1,1,5,4,3,2,2,2,2,2,2,5,4,3,3,1,1,1,1,1,1,1,1,1,5,4,3,3,2,1,1,1,1,1,1,1,5,4,3,3,2,2,1,1,1,1,1,5,4,3,3,2,2,2,1,1,1,5,4,3,3,2,2,2,2,1,5,4,3,3,3,1,1,1,1,1,1,5,4,3,3,3,2,1,1,1,1,5,4,3,3,3,2,2,1,1,5,4,3,3,3,2,2,2,5,4,3,3,3,3,1,1,1,5,4,3,3,3,3,2,1,5,4,3,3,3,3,3,5,4,4,1,1,1,1,1,1,1,1,1,1,1,5,4,4,10,1,5,4,4,11,5,4,4,2,1,1,1,1,1,1,1,1,1,5,4,4,2,2,1,1,1,1,1,1,1,5,4,4,2,2,2,1,1,1,1,1,5,4,4,2,2,2,2,1,1,1,5,4,4,2,2,2,2,2,1,5,4,4,3,1,1,1,1,1,1,1,1,5,4,4,3,2,1,1,1,1,1,1,5,4,4,3,2,2,1,1,1,1,5,4,4,3,2,2,2,1,1,5,4,4,3,2,2,2,2,5,4,4,3,3,1,1,1,1,1,5,4,4,3,3,2,1,1,1,5,4,4,3,3,2,2,1,5,4,4,3,3,3,1,1,5,4,4,3,3,3,2,5,4,4,4,1,1,1,1,1,1,1,5,4,4,4,2,1,1,1,1,1,5,4,4,4,2,2,1,1,1,5,4,4,4,2,2,2,1,5,4,4,4,3,1,1,1,1,5,4,4,4,3,2,1,1,5,4,4,4,3,2,2,5,4,4,4,3,3,1,5,4,4,4,4,1,1,1,5,4,4,4,4,2,1,5,4,4,4,4,3,5,5,1,1,1,1,1,1,1,1,1,1,1,1,1,1,5,5,10,1,1,1,1,5,5,11,1,1,1,5,5,12,1,1,5,5,13,1,5,5,14,5,5,2,1,1,1,1,1,1,1,1,1,1,1,1,5,5,2,10,1,1,5,5,2,11,1,5,5,2,12,5,5,2,2,1,1,1,1,1,1,1,1,1,1,5,5,2,2,10,5,5,2,2,2,1,1,1,1,1,1,1,1,5,5,2,2,2,2,1,1,1,1,1,1,5,5,2,2,2,2,2,1,1,1,1,5,5,2,2,2,2,2,2,1,1,5,5,2,2,2,2,2,2,2,5,5,3,1,1,1,1,1,1,1,1,1,1,1,5,5,3,10,1,5,5,3,11,5,5,3,2,1,1,1,1,1,1,1,1,1,5,5,3,2,2,1,1,1,1,1,1,1,5,5,3,2,2,2,1,1,1,1,1,5,5,3,2,2,2,2,1,1,1,5,5,3,2,2,2,2,2,1,5,5,3,3,1,1,1,1,1,1,1,1,5,5,3,3,2,1,1,1,1,1,1,5,5,3,3,2,2,1,1,1,1,5,5,3,3,2,2,2,1,1,5,5,3,3,2,2,2,2,5,5,3,3,3,1,1,1,1,1,5,5,3,3,3,2,1,1,1,5,5,3,3,3,2,2,1,5,5,3,3,3,3,1,1,5,5,3,3,3,3,2,5,5,4,1,1,1,1,1,1,1,1,1,1,5,5,4,10,5,5,4,2,1,1,1,1,1,1,1,1,5,5,4,2,2,1,1,1,1,1,1,5,5,4,2,2,2,1,1,1,1,5,5,4,2,2,2,2,1,1,5,5,4,2,2,2,2,2,5,5,4,3,1,1,1,1,1,1,1,5,5,4,3,2,1,1,1,1,1,5,5,4,3,2,2,1,1,1,5,5,4,3,2,2,2,1,5,5,4,3,3,1,1,1,1,5,5,4,3,3,2,1,1,5,5,4,3,3,2,2,5,5,4,3,3,3,1,5,5,4,4,1,1,1,1,1,1,5,5,4,4,2,1,1,1,1,5,5,4,4,2,2,1,1,5,5,4,4,2,2,2,5,5,4,4,3,1,1,1,5,5,4,4,3,2,1,5,5,4,4,3,3,5,5,4,4,4,1,1,5,5,4,4,4,2,5,5,5,1,1,1,1,1,1,1,1,1,5,5,5,2,1,1,1,1,1,1,1,5,5,5,2,2,1,1,1,1,1,5,5,5,2,2,2,1,1,1,5,5,5,2,2,2,2,1,5,5,5,3,1,1,1,1,1,1,5,5,5,3,2,1,1,1,1,5,5,5,3,2,2,1,1,5,5,5,3,2,2,2,5,5,5,3,3,1,1,1,5,5,5,3,3,2,1,5,5,5,3,3,3,5,5,5,4,1,1,1,1,1,5,5,5,4,2,1,1,1,5,5,5,4,2,2,1,5,5,5,4,3,1,1,5,5,5,4,3,2,5,5,5,4,4,1,5,5,5,5,1,1,1,1,5,5,5,5,2,1,1,5,5,5,5,2,2,5,5,5,5,3,1,5,5,5,5,4,6,1,1,1,1,1,1,1,1,1,1,1,1,1,1,1,1,1,1,6,10,1,1,1,1,1,1,1,1,6,11,1,1,1,1,1,1,1,6,12,1,1,1,1,1,1,6,13,1,1,1,1,1,6,14,1,1,1,1,6,15,1,1,1,6,16,1,1,6,17,1,6,18,6,2,1,1,1,1,1,1,1,1,1,1,1,1,1,1,1,1,6,2,10,1,1,1,1,1,1,6,2,11,1,1,1,1,1,6,2,12,1,1,1,1,6,2,13,1,1,1,6,2,14,1,1,6,2,15,1,6,2,16,6,2,2,1,1,1,1,1,1,1,1,1,1,1,1,1,1,6,2,2,10,1,1,1,1,6,2,2,11,1,1,1,6,2,2,12,1,1,6,2,2,13,1,6,2,2,14,6,2,2,2,1,1,1,1,1,1,1,1,1,1,1,1,6,2,2,2,10,1,1,6,2,2,2,11,1,6,2,2,2,12,6,2,2,2,2,1,1,1,1,1,1,1,1,1,1,6,2,2,2,2,10,6,2,2,2,2,2,1,1,1,1,1,1,1,1,6,2,2,2,2,2,2,1,1,1,1,1,1,6,2,2,2,2,2,2,2,1,1,1,1,6,2,2,2,2,2,2,2,2,1,1,6,2,2,2,2,2,2,2,2,2,6,3,1,1,1,1,1,1,1,1,1,1,1,1,1,1,1,6,3,10,1,1,1,1,1,6,3,11,1,1,1,1,6,3,12,1,1,1,6,3,13,1,1,6,3,14,1,6,3,15,6,3,2,1,1,1,1,1,1,1,1,1,1,1,1,1,6,3,2,10,1,1,1,6,3,2,11,1,1,6,3,2,12,1,6,3,2,13,6,3,2,2,1,1,1,1,1,1,1,1,1,1,1,6,3,2,2,10,1,6,3,2,2,11,6,3,2,2,2,1,1,1,1,1,1,1,1,1,6,3,2,2,2,2,1,1,1,1,1,1,1,6,3,2,2,2,2,2,1,1,1,1,1,6,3,2,2,2,2,2,2,1,1,1,6,3,2,2,2,2,2,2,2,1,6,3,3,1,1,1,1,1,1,1,1,1,1,1,1,6,3,3,10,1,1,6,3,3,11,1,6,3,3,12,6,3,3,2,1,1,1,1,1,1,1,1,1,1,6,3,3,2,10,6,3,3,2,2,1,1,1,1,1,1,1,1,6,3,3,2,2,2,1,1,1,1,1,1,6,3,3,2,2,2,2,1,1,1,1,6,3,3,2,2,2,2,2,1,1,6,3,3,2,2,2,2,2,2,6,3,3,3,1,1,1,1,1,1,1,1,1,6,3,3,3,2,1,1,1,1,1,1,1,6,3,3,3,2,2,1,1,1,1,1,6,3,3,3,2,2,2,1,1,1,6,3,3,3,2,2,2,2,1,6,3,3,3,3,1,1,1,1,1,1,6,3,3,3,3,2,1,1,1,1,6,3,3,3,3,2,2,1,1,6,3,3,3,3,2,2,2,6,3,3,3,3,3,1,1,1,6,3,3,3,3,3,2,1,6,3,3,3,3,3,3,6,4,1,1,1,1,1,1,1,1,1,1,1,1,1,1,6,4,10,1,1,1,1,6,4,11,1,1,1,6,4,12,1,1,6,4,13,1,6,4,14,6,4,2,1,1,1,1,1,1,1,1,1,1,1,1,6,4,2,10,1,1,6,4,2,11,1,6,4,2,12,6,4,2,2,1,1,1,1,1,1,1,1,1,1,6,4,2,2,10,6,4,2,2,2,1,1,1,1,1,1,1,1,6,4,2,2,2,2,1,1,1,1,1,1,6,4,2,2,2,2,2,1,1,1,1,6,4,2,2,2,2,2,2,1,1,6,4,2,2,2,2,2,2,2,6,4,3,1,1,1,1,1,1,1,1,1,1,1,6,4,3,10,1,6,4,3,11,6,4,3,2,1,1,1,1,1,1,1,1,1,6,4,3,2,2,1,1,1,1,1,1,1,6,4,3,2,2,2,1,1,1,1,1,6,4,3,2,2,2,2,1,1,1,6,4,3,2,2,2,2,2,1,6,4,3,3,1,1,1,1,1,1,1,1,6,4,3,3,2,1,1,1,1,1,1,6,4,3,3,2,2,1,1,1,1,6,4,3,3,2,2,2,1,1,6,4,3,3,2,2,2,2,6,4,3,3,3,1,1,1,1,1,6,4,3,3,3,2,1,1,1,6,4,3,3,3,2,2,1,6,4,3,3,3,3,1,1,6,4,3,3,3,3,2,6,4,4,1,1,1,1,1,1,1,1,1,1,6,4,4,10,6,4,4,2,1,1,1,1,1,1,1,1,6,4,4,2,2,1,1,1,1,1,1,6,4,4,2,2,2,1,1,1,1,6,4,4,2,2,2,2,1,1,6,4,4,2,2,2,2,2,6,4,4,3,1,1,1,1,1,1,1,6,4,4,3,2,1,1,1,1,1,6,4,4,3,2,2,1,1,1,6,4,4,3,2,2,2,1,6,4,4,3,3,1,1,1,1,6,4,4,3,3,2,1,1,6,4,4,3,3,2,2,6,4,4,3,3,3,1,6,4,4,4,1,1,1,1,1,1,6,4,4,4,2,1,1,1,1,6,4,4,4,2,2,1,1,6,4,4,4,2,2,2,6,4,4,4,3,1,1,1,6,4,4,4,3,2,1,6,4,4,4,3,3,6,4,4,4,4,1,1,6,4,4,4,4,2,6,5,1,1,1,1,1,1,1,1,1,1,1,1,1,6,5,10,1,1,1,6,5,11,1,1,6,5,12,1,6,5,13,6,5,2,1,1,1,1,1,1,1,1,1,1,1,6,5,2,10,1,6,5,2,11,6,5,2,2,1,1,1,1,1,1,1,1,1,6,5,2,2,2,1,1,1,1,1,1,1,6,5,2,2,2,2,1,1,1,1,1,6,5,2,2,2,2,2,1,1,1,6,5,2,2,2,2,2,2,1,6,5,3,1,1,1,1,1,1,1,1,1,1,6,5,3,10,6,5,3,2,1,1,1,1,1,1,1,1,6,5,3,2,2,1,1,1,1,1,1,6,5,3,2,2,2,1,1,1,1,6,5,3,2,2,2,2,1,1,6,5,3,2,2,2,2,2,6,5,3,3,1,1,1,1,1,1,1,6,5,3,3,2,1,1,1,1,1,6,5,3,3,2,2,1,1,1,6,5,3,3,2,2,2,1,6,5,3,3,3,1,1,1,1,6,5,3,3,3,2,1,1,6,5,3,3,3,2,2,6,5,3,3,3,3,1,6,5,4,1,1,1,1,1,1,1,1,1,6,5,4,2,1,1,1,1,1,1,1,6,5,4,2,2,1,1,1,1,1,6,5,4,2,2,2,1,1,1,6,5,4,2,2,2,2,1,6,5,4,3,1,1,1,1,1,1,6,5,4,3,2,1,1,1,1,6,5,4,3,2,2,1,1,6,5,4,3,2,2,2,6,5,4,3,3,1,1,1,6,5,4,3,3,2,1,6,5,4,3,3,3,6,5,4,4,1,1,1,1,1,6,5,4,4,2,1,1,1,6,5,4,4,2,2,1,6,5,4,4,3,1,1,6,5,4,4,3,2,6,5,4,4,4,1,6,5,5,1,1,1,1,1,1,1,1,6,5,5,2,1,1,1,1,1,1,6,5,5,2,2,1,1,1,1,6,5,5,2,2,2,1,1,6,5,5,2,2,2,2,6,5,5,3,1,1,1,1,1,6,5,5,3,2,1,1,1,6,5,5,3,2,2,1,6,5,5,3,3,1,1,6,5,5,3,3,2,6,5,5,4,1,1,1,1,6,5,5,4,2,1,1,6,5,5,4,2,2,6,5,5,4,3,1,6,5,5,4,4,6,5,5,5,1,1,1,6,5,5,5,2,1,6,5,5,5,3,6,6,1,1,1,1,1,1,1,1,1,1,1,1,6,6,10,1,1,6,6,11,1,6,6,12,6,6,2,1,1,1,1,1,1,1,1,1,1,6,6,2,10,6,6,2,2,1,1,1,1,1,1,1,1,6,6,2,2,2,1,1,1,1,1,1,6,6,2,2,2,2,1,1,1,1,6,6,2,2,2,2,2,1,1,6,6,2,2,2,2,2,2,6,6,3,1,1,1,1,1,1,1,1,1,6,6,3,2,1,1,1,1,1,1,1,6,6,3,2,2,1,1,1,1,1,6,6,3,2,2,2,1,1,1,6,6,3,2,2,2,2,1,6,6,3,3,1,1,1,1,1,1,6,6,3,3,2,1,1,1,1,6,6,3,3,2,2,1,1,6,6,3,3,2,2,2,6,6,3,3,3,1,1,1,6,6,3,3,3,2,1,6,6,3,3,3,3,6,6,4,1,1,1,1,1,1,1,1,6,6,4,2,1,1,1,1,1,1,6,6,4,2,2,1,1,1,1,6,6,4,2,2,2,1,1,6,6,4,2,2,2,2,6,6,4,3,1,1,1,1,1,6,6,4,3,2,1,1,1,6,6,4,3,2,2,1,6,6,4,3,3,1,1,6,6,4,3,3,2,6,6,4,4,1,1,1,1,6,6,4,4,2,1,1,6,6,4,4,2,2,6,6,4,4,3,1,6,6,4,4,4,6,6,5,1,1,1,1,1,1,1,6,6,5,2,1,1,1,1,1,6,6,5,2,2,1,1,1,6,6,5,2,2,2,1,6,6,5,3,1,1,1,1,6,6,5,3,2,1,1,6,6,5,3,2,2,6,6,5,3,3,1,6,6,5,4,1,1,1,6,6,5,4,2,1,6,6,5,4,3,6,6,5,5,1,1,6,6,5,5,2,6,6,6,1,1,1,1,1,1,6,6,6,2,1,1,1,1,6,6,6,2,2,1,1,6,6,6,2,2,2,6,6,6,3,1,1,1,6,6,6,3,2,1,6,6,6,3,3,6,6,6,4,1,1,6,6,6,4,2,6,6,6,5,1,6,6,6,6,7,1,1,1,1,1,1,1,1,1,1,1,1,1,1,1,1,1,7,10,1,1,1,1,1,1,1,7,11,1,1,1,1,1,1,7,12,1,1,1,1,1,7,13,1,1,1,1,7,14,1,1,1,7,15,1,1,7,16,1,7,17,7,2,1,1,1,1,1,1,1,1,1,1,1,1,1,1,1,7,2,10,1,1,1,1,1,7,2,11,1,1,1,1,7,2,12,1,1,1,7,2,13,1,1,7,2,14,1,7,2,15,7,2,2,1,1,1,1,1,1,1,1,1,1,1,1,1,7,2,2,10,1,1,1,7,2,2,11,1,1,7,2,2,12,1,7,2,2,13,7,2,2,2,1,1,1,1,1,1,1,1,1,1,1,7,2,2,2,10,1,7,2,2,2,11,7,2,2,2,2,1,1,1,1,1,1,1,1,1,7,2,2,2,2,2,1,1,1,1,1,1,1,7,2,2,2,2,2,2,1,1,1,1,1,7,2,2,2,2,2,2,2,1,1,1,7,2,2,2,2,2,2,2,2,1,7,3,1,1,1,1,1,1,1,1,1,1,1,1,1,1,7,3,10,1,1,1,1,7,3,11,1,1,1,7,3,12,1,1,7,3,13,1,7,3,14,7,3,2,1,1,1,1,1,1,1,1,1,1,1,1,7,3,2,10,1,1,7,3,2,11,1,7,3,2,12,7,3,2,2,1,1,1,1,1,1,1,1,1,1,7,3,2,2,10,7,3,2,2,2,1,1,1,1,1,1,1,1,7,3,2,2,2,2,1,1,1,1,1,1,7,3,2,2,2,2,2,1,1,1,1,7,3,2,2,2,2,2,2,1,1,7,3,2,2,2,2,2,2,2,7,3,3,1,1,1,1,1,1,1,1,1,1,1,7,3,3,10,1,7,3,3,11,7,3,3,2,1,1,1,1,1,1,1,1,1,7,3,3,2,2,1,1,1,1,1,1,1,7,3,3,2,2,2,1,1,1,1,1,7,3,3,2,2,2,2,1,1,1,7,3,3,2,2,2,2,2,1,7,3,3,3,1,1,1,1,1,1,1,1,7,3,3,3,2,1,1,1,1,1,1,7,3,3,3,2,2,1,1,1,1,7,3,3,3,2,2,2,1,1,7,3,3,3,2,2,2,2,7,3,3,3,3,1,1,1,1,1,7,3,3,3,3,2,1,1,1,7,3,3,3,3,2,2,1,7,3,3,3,3,3,1,1,7,3,3,3,3,3,2,7,4,1,1,1,1,1,1,1,1,1,1,1,1,1,7,4,10,1,1,1,7,4,11,1,1,7,4,12,1,7,4,13,7,4,2,1,1,1,1,1,1,1,1,1,1,1,7,4,2,10,1,7,4,2,11,7,4,2,2,1,1,1,1,1,1,1,1,1,7,4,2,2,2,1,1,1,1,1,1,1,7,4,2,2,2,2,1,1,1,1,1,7,4,2,2,2,2,2,1,1,1,7,4,2,2,2,2,2,2,1,7,4,3,1,1,1,1,1,1,1,1,1,1,7,4,3,10,7,4,3,2,1,1,1,1,1,1,1,1,7,4,3,2,2,1,1,1,1,1,1,7,4,3,2,2,2,1,1,1,1,7,4,3,2,2,2,2,1,1,7,4,3,2,2,2,2,2,7,4,3,3,1,1,1,1,1,1,1,7,4,3,3,2,1,1,1,1,1,7,4,3,3,2,2,1,1,1,7,4,3,3,2,2,2,1,7,4,3,3,3,1,1,1,1,7,4,3,3,3,2,1,1,7,4,3,3,3,2,2,7,4,3,3,3,3,1,7,4,4,1,1,1,1,1,1,1,1,1,7,4,4,2,1,1,1,1,1,1,1,7,4,4,2,2,1,1,1,1,1,7,4,4,2,2,2,1,1,1,7,4,4,2,2,2,2,1,7,4,4,3,1,1,1,1,1,1,7,4,4,3,2,1,1,1,1,7,4,4,3,2,2,1,1,7,4,4,3,2,2,2,7,4,4,3,3,1,1,1,7,4,4,3,3,2,1,7,4,4,3,3,3,7,4,4,4,1,1,1,1,1,7,4,4,4,2,1,1,1,7,4,4,4,2,2,1,7,4,4,4,3,1,1,7,4,4,4,3,2,7,4,4,4,4,1,7,5,1,1,1,1,1,1,1,1,1,1,1,1,7,5,10,1,1,7,5,11,1,7,5,12,7,5,2,1,1,1,1,1,1,1,1,1,1,7,5,2,10,7,5,2,2,1,1,1,1,1,1,1,1,7,5,2,2,2,1,1,1,1,1,1,7,5,2,2,2,2,1,1,1,1,7,5,2,2,2,2,2,1,1,7,5,2,2,2,2,2,2,7,5,3,1,1,1,1,1,1,1,1,1,7,5,3,2,1,1,1,1,1,1,1,7,5,3,2,2,1,1,1,1,1,7,5,3,2,2,2,1,1,1,7,5,3,2,2,2,2,1,7,5,3,3,1,1,1,1,1,1,7,5,3,3,2,1,1,1,1,7,5,3,3,2,2,1,1,7,5,3,3,2,2,2,7,5,3,3,3,1,1,1,7,5,3,3,3,2,1,7,5,3,3,3,3,7,5,4,1,1,1,1,1,1,1,1,7,5,4,2,1,1,1,1,1,1,7,5,4,2,2,1,1,1,1,7,5,4,2,2,2,1,1,7,5,4,2,2,2,2,7,5,4,3,1,1,1,1,1,7,5,4,3,2,1,1,1,7,5,4,3,2,2,1,7,5,4,3,3,1,1,7,5,4,3,3,2,7,5,4,4,1,1,1,1,7,5,4,4,2,1,1,7,5,4,4,2,2,7,5,4,4,3,1,7,5,4,4,4,7,5,5,1,1,1,1,1,1,1,7,5,5,2,1,1,1,1,1,7,5,5,2,2,1,1,1,7,5,5,2,2,2,1,7,5,5,3,1,1,1,1,7,5,5,3,2,1,1,7,5,5,3,2,2,7,5,5,3,3,1,7,5,5,4,1,1,1,7,5,5,4,2,1,7,5,5,4,3,7,5,5,5,1,1,7,5,5,5,2,7,6,1,1,1,1,1,1,1,1,1,1,1,7,6,10,1,7,6,11,7,6,2,1,1,1,1,1,1,1,1,1,7,6,2,2,1,1,1,1,1,1,1,7,6,2,2,2,1,1,1,1,1,7,6,2,2,2,2,1,1,1,7,6,2,2,2,2,2,1,7,6,3,1,1,1,1,1,1,1,1,7,6,3,2,1,1,1,1,1,1,7,6,3,2,2,1,1,1,1,7,6,3,2,2,2,1,1,7,6,3,2,2,2,2,7,6,3,3,1,1,1,1,1,7,6,3,3,2,1,1,1,7,6,3,3,2,2,1,7,6,3,3,3,1,1,7,6,3,3,3,2,7,6,4,1,1,1,1,1,1,1,7,6,4,2,1,1,1,1,1,7,6,4,2,2,1,1,1,7,6,4,2,2,2,1,7,6,4,3,1,1,1,1,7,6,4,3,2,1,1,7,6,4,3,2,2,7,6,4,3,3,1,7,6,4,4,1,1,1,7,6,4,4,2,1,7,6,4,4,3,7,6,5,1,1,1,1,1,1,7,6,5,2,1,1,1,1,7,6,5,2,2,1,1,7,6,5,2,2,2,7,6,5,3,1,1,1,7,6,5,3,2,1,7,6,5,3,3,7,6,5,4,1,1,7,6,5,4,2,7,6,5,5,1,7,6,6,1,1,1,1,1,7,6,6,2,1,1,1,7,6,6,2,2,1,7,6,6,3,1,1,7,6,6,3,2,7,6,6,4,1,7,6,6,5,7,7,1,1,1,1,1,1,1,1,1,1,7,7,10,7,7,2,1,1,1,1,1,1,1,1,7,7,2,2,1,1,1,1,1,1,7,7,2,2,2,1,1,1,1,7,7,2,2,2,2,1,1,7,7,2,2,2,2,2,7,7,3,1,1,1,1,1,1,1,7,7,3,2,1,1,1,1,1,7,7,3,2,2,1,1,1,7,7,3,2,2,2,1,7,7,3,3,1,1,1,1,7,7,3,3,2,1,1,7,7,3,3,2,2,7,7,3,3,3,1,7,7,4,1,1,1,1,1,1,7,7,4,2,1,1,1,1,7,7,4,2,2,1,1,7,7,4,2,2,2,7,7,4,3,1,1,1,7,7,4,3,2,1,7,7,4,3,3,7,7,4,4,1,1,7,7,4,4,2,7,7,5,1,1,1,1,1,7,7,5,2,1,1,1,7,7,5,2,2,1,7,7,5,3,1,1,7,7,5,3,2,7,7,5,4,1,7,7,5,5,7,7,6,1,1,1,1,7,7,6,2,1,1,7,7,6,2,2,7,7,6,3,1,7,7,6,4,7,7,7,1,1,1,7,7,7,2,1,7,7,7,3,8,1,1,1,1,1,1,1,1,1,1,1,1,1,1,1,1,8,10,1,1,1,1,1,1,8,11,1,1,1,1,1,8,12,1,1,1,1,8,13,1,1,1,8,14,1,1,8,15,1,8,16,8,2,1,1,1,1,1,1,1,1,1,1,1,1,1,1,8,2,10,1,1,1,1,8,2,11,1,1,1,8,2,12,1,1,8,2,13,1,8,2,14,8,2,2,1,1,1,1,1,1,1,1,1,1,1,1,8,2,2,10,1,1,8,2,2,11,1,8,2,2,12,8,2,2,2,1,1,1,1,1,1,1,1,1,1,8,2,2,2,10,8,2,2,2,2,1,1,1,1,1,1,1,1,8,2,2,2,2,2,1,1,1,1,1,1,8,2,2,2,2,2,2,1,1,1,1,8,2,2,2,2,2,2,2,1,1,8,2,2,2,2,2,2,2,2,8,3,1,1,1,1,1,1,1,1,1,1,1,1,1,8,3,10,1,1,1,8,3,11,1,1,8,3,12,1,8,3,13,8,3,2,1,1,1,1,1,1,1,1,1,1,1,8,3,2,10,1,8,3,2,11,8,3,2,2,1,1,1,1,1,1,1,1,1,8,3,2,2,2,1,1,1,1,1,1,1,8,3,2,2,2,2,1,1,1,1,1,8,3,2,2,2,2,2,1,1,1,8,3,2,2,2,2,2,2,1,8,3,3,1,1,1,1,1,1,1,1,1,1,8,3,3,10,8,3,3,2,1,1,1,1,1,1,1,1,8,3,3,2,2,1,1,1,1,1,1,8,3,3,2,2,2,1,1,1,1,8,3,3,2,2,2,2,1,1,8,3,3,2,2,2,2,2,8,3,3,3,1,1,1,1,1,1,1,8,3,3,3,2,1,1,1,1,1,8,3,3,3,2,2,1,1,1,8,3,3,3,2,2,2,1,8,3,3,3,3,1,1,1,1,8,3,3,3,3,2,1,1,8,3,3,3,3,2,2,8,3,3,3,3,3,1,8,4,1,1,1,1,1,1,1,1,1,1,1,1,8,4,10,1,1,8,4,11,1,8,4,12,8,4,2,1,1,1,1,1,1,1,1,1,1,8,4,2,10,8,4,2,2,1,1,1,1,1,1,1,1,8,4,2,2,2,1,1,1,1,1,1,8,4,2,2,2,2,1,1,1,1,8,4,2,2,2,2,2,1,1,8,4,2,2,2,2,2,2,8,4,3,1,1,1,1,1,1,1,1,1,8,4,3,2,1,1,1,1,1,1,1,8,4,3,2,2,1,1,1,1,1,8,4,3,2,2,2,1,1,1,8,4,3,2,2,2,2,1,8,4,3,3,1,1,1,1,1,1,8,4,3,3,2,1,1,1,1,8,4,3,3,2,2,1,1,8,4,3,3,2,2,2,8,4,3,3,3,1,1,1,8,4,3,3,3,2,1,8,4,3,3,3,3,8,4,4,1,1,1,1,1,1,1,1,8,4,4,2,1,1,1,1,1,1,8,4,4,2,2,1,1,1,1,8,4,4,2,2,2,1,1,8,4,4,2,2,2,2,8,4,4,3,1,1,1,1,1,8,4,4,3,2,1,1,1,8,4,4,3,2,2,1,8,4,4,3,3,1,1,8,4,4,3,3,2,8,4,4,4,1,1,1,1,8,4,4,4,2,1,1,8,4,4,4,2,2,8,4,4,4,3,1,8,4,4,4,4,8,5,1,1,1,1,1,1,1,1,1,1,1,8,5,10,1,8,5,11,8,5,2,1,1,1,1,1,1,1,1,1,8,5,2,2,1,1,1,1,1,1,1,8,5,2,2,2,1,1,1,1,1,8,5,2,2,2,2,1,1,1,8,5,2,2,2,2,2,1,8,5,3,1,1,1,1,1,1,1,1,8,5,3,2,1,1,1,1,1,1,8,5,3,2,2,1,1,1,1,8,5,3,2,2,2,1,1,8,5,3,2,2,2,2,8,5,3,3,1,1,1,1,1,8,5,3,3,2,1,1,1,8,5,3,3,2,2,1,8,5,3,3,3,1,1,8,5,3,3,3,2,8,5,4,1,1,1,1,1,1,1,8,5,4,2,1,1,1,1,1,8,5,4,2,2,1,1,1,8,5,4,2,2,2,1,8,5,4,3,1,1,1,1,8,5,4,3,2,1,1,8,5,4,3,2,2,8,5,4,3,3,1,8,5,4,4,1,1,1,8,5,4,4,2,1,8,5,4,4,3,8,5,5,1,1,1,1,1,1,8,5,5,2,1,1,1,1,8,5,5,2,2,1,1,8,5,5,2,2,2,8,5,5,3,1,1,1,8,5,5,3,2,1,8,5,5,3,3,8,5,5,4,1,1,8,5,5,4,2,8,5,5,5,1,8,6,1,1,1,1,1,1,1,1,1,1,8,6,10,8,6,2,1,1,1,1,1,1,1,1,8,6,2,2,1,1,1,1,1,1,8,6,2,2,2,1,1,1,1,8,6,2,2,2,2,1,1,8,6,2,2,2,2,2,8,6,3,1,1,1,1,1,1,1,8,6,3,2,1,1,1,1,1,8,6,3,2,2,1,1,1,8,6,3,2,2,2,1,8,6,3,3,1,1,1,1,8,6,3,3,2,1,1,8,6,3,3,2,2,8,6,3,3,3,1,8,6,4,1,1,1,1,1,1,8,6,4,2,1,1,1,1,8,6,4,2,2,1,1,8,6,4,2,2,2,8,6,4,3,1,1,1,8,6,4,3,2,1,8,6,4,3,3,8,6,4,4,1,1,8,6,4,4,2,8,6,5,1,1,1,1,1,8,6,5,2,1,1,1,8,6,5,2,2,1,8,6,5,3,1,1,8,6,5,3,2,8,6,5,4,1,8,6,5,5,8,6,6,1,1,1,1,8,6,6,2,1,1,8,6,6,2,2,8,6,6,3,1,8,6,6,4,8,7,1,1,1,1,1,1,1,1,1,8,7,2,1,1,1,1,1,1,1,8,7,2,2,1,1,1,1,1,8,7,2,2,2,1,1,1,8,7,2,2,2,2,1,8,7,3,1,1,1,1,1,1,8,7,3,2,1,1,1,1,8,7,3,2,2,1,1,8,7,3,2,2,2,8,7,3,3,1,1,1,8,7,3,3,2,1,8,7,3,3,3,8,7,4,1,1,1,1,1,8,7,4,2,1,1,1,8,7,4,2,2,1,8,7,4,3,1,1,8,7,4,3,2,8,7,4,4,1,8,7,5,1,1,1,1,8,7,5,2,1,1,8,7,5,2,2,8,7,5,3,1,8,7,5,4,8,7,6,1,1,1,8,7,6,2,1,8,7,6,3,8,7,7,1,1,8,7,7,2,8,8,1,1,1,1,1,1,1,1,8,8,2,1,1,1,1,1,1,8,8,2,2,1,1,1,1,8,8,2,2,2,1,1,8,8,2,2,2,2,8,8,3,1,1,1,1,1,8,8,3,2,1,1,1,8,8,3,2,2,1,8,8,3,3,1,1,8,8,3,3,2,8,8,4,1,1,1,1,8,8,4,2,1,1,8,8,4,2,2,8,8,4,3,1,8,8,4,4,8,8,5,1,1,1,8,8,5,2,1,8,8,5,3,8,8,6,1,1,8,8,6,2,8,8,7,1,8,8,8,9,1,1,1,1,1,1,1,1,1,1,1,1,1,1,1,9,10,1,1,1,1,1,9,11,1,1,1,1,9,12,1,1,1,9,13,1,1,9,14,1,9,15,9,2,1,1,1,1,1,1,1,1,1,1,1,1,1,9,2,10,1,1,1,9,2,11,1,1,9,2,12,1,9,2,13,9,2,2,1,1,1,1,1,1,1,1,1,1,1,9,2,2,10,1,9,2,2,11,9,2,2,2,1,1,1,1,1,1,1,1,1,9,2,2,2,2,1,1,1,1,1,1,1,9,2,2,2,2,2,1,1,1,1,1,9,2,2,2,2,2,2,1,1,1,9,2,2,2,2,2,2,2,1,9,3,1,1,1,1,1,1,1,1,1,1,1,1,9,3,10,1,1,9,3,11,1,9,3,12,9,3,2,1,1,1,1,1,1,1,1,1,1,9,3,2,10,9,3,2,2,1,1,1,1,1,1,1,1,9,3,2,2,2,1,1,1,1,1,1,9,3,2,2,2,2,1,1,1,1,9,3,2,2,2,2,2,1,1,9,3,2,2,2,2,2,2,9,3,3,1,1,1,1,1,1,1,1,1,9,3,3,2,1,1,1,1,1,1,1,9,3,3,2,2,1,1,1,1,1,9,3,3,2,2,2,1,1,1,9,3,3,2,2,2,2,1,9,3,3,3,1,1,1,1,1,1,9,3,3,3,2,1,1,1,1,9,3,3,3,2,2,1,1,9,3,3,3,2,2,2,9,3,3,3,3,1,1,1,9,3,3,3,3,2,1,9,3,3,3,3,3,9,4,1,1,1,1,1,1,1,1,1,1,1,9,4,10,1,9,4,11,9,4,2,1,1,1,1,1,1,1,1,1,9,4,2,2,1,1,1,1,1,1,1,9,4,2,2,2,1,1,1,1,1,9,4,2,2,2,2,1,1,1,9,4,2,2,2,2,2,1,9,4,3,1,1,1,1,1,1,1,1,9,4,3,2,1,1,1,1,1,1,9,4,3,2,2,1,1,1,1,9,4,3,2,2,2,1,1,9,4,3,2,2,2,2,9,4,3,3,1,1,1,1,1,9,4,3,3,2,1,1,1,9,4,3,3,2,2,1,9,4,3,3,3,1,1,9,4,3,3,3,2,9,4,4,1,1,1,1,1,1,1,9,4,4,2,1,1,1,1,1,9,4,4,2,2,1,1,1,9,4,4,2,2,2,1,9,4,4,3,1,1,1,1,9,4,4,3,2,1,1,9,4,4,3,2,2,9,4,4,3,3,1,9,4,4,4,1,1,1,9,4,4,4,2,1,9,4,4,4,3,9,5,1,1,1,1,1,1,1,1,1,1,9,5,10,9,5,2,1,1,1,1,1,1,1,1,9,5,2,2,1,1,1,1,1,1,9,5,2,2,2,1,1,1,1,9,5,2,2,2,2,1,1,9,5,2,2,2,2,2,9,5,3,1,1,1,1,1,1,1,9,5,3,2,1,1,1,1,1,9,5,3,2,2,1,1,1,9,5,3,2,2,2,1,9,5,3,3,1,1,1,1,9,5,3,3,2,1,1,9,5,3,3,2,2,9,5,3,3,3,1,9,5,4,1,1,1,1,1,1,9,5,4,2,1,1,1,1,9,5,4,2,2,1,1,9,5,4,2,2,2,9,5,4,3,1,1,1,9,5,4,3,2,1,9,5,4,3,3,9,5,4,4,1,1,9,5,4,4,2,9,5,5,1,1,1,1,1,9,5,5,2,1,1,1,9,5,5,2,2,1,9,5,5,3,1,1,9,5,5,3,2,9,5,5,4,1,9,5,5,5,9,6,1,1,1,1,1,1,1,1,1,9,6,2,1,1,1,1,1,1,1,9,6,2,2,1,1,1,1,1,9,6,2,2,2,1,1,1,9,6,2,2,2,2,1,9,6,3,1,1,1,1,1,1,9,6,3,2,1,1,1,1,9,6,3,2,2,1,1,9,6,3,2,2,2,9,6,3,3,1,1,1,9,6,3,3,2,1,9,6,3,3,3,9,6,4,1,1,1,1,1,9,6,4,2,1,1,1,9,6,4,2,2,1,9,6,4,3,1,1,9,6,4,3,2,9,6,4,4,1,9,6,5,1,1,1,1,9,6,5,2,1,1,9,6,5,2,2,9,6,5,3,1,9,6,5,4,9,6,6,1,1,1,9,6,6,2,1,9,6,6,3,9,7,1,1,1,1,1,1,1,1,9,7,2,1,1,1,1,1,1,9,7,2,2,1,1,1,1,9,7,2,2,2,1,1,9,7,2,2,2,2,9,7,3,1,1,1,1,1,9,7,3,2,1,1,1,9,7,3,2,2,1,9,7,3,3,1,1,9,7,3,3,2,9,7,4,1,1,1,1,9,7,4,2,1,1,9,7,4,2,2,9,7,4,3,1,9,7,4,4,9,7,5,1,1,1,9,7,5,2,1,9,7,5,3,9,7,6,1,1,9,7,6,2,9,7,7,1,9,8,1,1,1,1,1,1,1,9,8,2,1,1,1,1,1,9,8,2,2,1,1,1,9,8,2,2,2,1,9,8,3,1,1,1,1,9,8,3,2,1,1,9,8,3,2,2,9,8,3,3,1,9,8,4,1,1,1,9,8,4,2,1,9,8,4,3,9,8,5,1,1,9,8,5,2,9,8,6,1,9,8,7,9,9,1,1,1,1,1,1,9,9,2,1,1,1,1,9,9,2,2,1,1,9,9,2,2,2,9,9,3,1,1,1,9,9,3,2,1,9,9,3,3,9,9,4,1,1,9,9,4,2,9,9,5,1,9,9,6

Incorrect!

contract description:

It is possible write four as a sum in exactly four different ways:

     3 + 1
     2 + 2
     2 + 1 + 1
     1 + 1 + 1 + 1

 How many different ways can the number 24 be written as a sum of at least two positive integers?

contract data: 24 (number, -1 long)

number of tries remaining: 9

^^^^^^^^^^^^^^^^^^^^^^


vvvvvvvvvvvvvvvvvvvvvv

reviewing contract contract-888700-KuaiGongInternational.cct on host summit-uni

type: Sanitize Parentheses in Expression

Contract type 'Sanitize Parentheses in Expression' unrecognized!

contract description:

Given the following string:

  ()a)a()))((

  remove the minimum number of invalid parentheses in order to validate the string. If there are multiple minimal ways to validate the string, provide all of the possible results. The answer should be provided as an array of strings. If it is impossible to validate the string the result should be an array with only an empty string.

  IMPORTANT: The string may contain letters, not just parentheses. Examples:
  "()())()" -> [()()(), (())()]
  "(a)())()" -> [(a)()(), (a())()]
  ")( -> [""]

contract data: ()a)a()))(( (string, 11 long)

number of tries remaining: 10

^^^^^^^^^^^^^^^^^^^^^^



vvvvvvvvvvvvvvvvvvvvvv

reviewing contract contract-19482.cct on host aerocorp

type: Merge Overlapping Intervals

Contract type 'Merge Overlapping Intervals' unrecognized!

contract description:

Given the following array of array of numbers representing a list of intervals, merge all overlapping intervals.

  [[8,11],[11,12],[25,30],[10,13],[13,21],[25,30]]

  Example:

  [[1, 3], [8, 10], [2, 6], [10, 16]]
   x=x
   |||    x=x
   |x===x |||
   |||||| ||x=====x
   1----6 8------16

  would merge into [[1, 6], [8, 16]].

  The intervals must be returned in ASCENDING order. You can assume that in an interval, the first number will always be smaller than the second.

contract data: 8,11,11,12,25,30,10,13,13,21,25,30 (object, 6 long)

number of tries remaining: 15

^^^^^^^^^^^^^^^^^^^^^^



vvvvvvvvvvvvvvvvvvvvvv

reviewing contract contract-291101.cct on host icarus

type: Unique Paths in a Grid II

Contract type 'Unique Paths in a Grid II' unrecognized!

contract description:

You are located in the top-left corner of the following grid:

  0,0,0,0,0,0,
  0,0,0,0,1,0,
  0,0,0,0,0,0,
  0,0,0,1,0,0,

  You are trying reach the bottom-right corner of the grid, but you can only move down or right on each step. Furthermore, there are obstacles on the grid that you cannot move onto. These obstacles are denoted by '1', while empty spaces are denoted by 0.

  Determine how many unique paths there are from start to finish.

  NOTE: The data returned for this contract is an 2D array of numbers representing the grid.

contract data: 0,0,0,0,0,0,0,0,0,0,1,0,0,0,0,0,0,0,0,0,0,1,0,0 (object, 4 long)

number of tries remaining: 10

^^^^^^^^^^^^^^^^^^^^^^



vvvvvvvvvvvvvvvvvvvvvv

reviewing contract contract-360605-Daedalus.cct on host zb-def

type: Find All Valid Math Expressions

Contract type 'Find All Valid Math Expressions' unrecognized!

contract description:

You are given the following string which contains only digits between 0 and 9:

  73326956

  You are also given a target number of 37. Return all possible ways you can add the +, -, and * operators to the string such that it evaluates to the target number.

  The provided answer should be an array of strings containing the valid expressions. The data provided by this problem is an array with two elements. The first element is the string of digits, while the second element is the target number:

  ["73326956", 37]

  NOTE: Numbers in the expression cannot have leading 0's. In other words, "1+01" is not a valid expression Examples:

  Input: digits = "123", target = 6
  Output: [1+2+3, 1*2*3]

  Input: digits = "105", target = 5
  Output: [1*0+5, 10-5]

contract data: 73326956,37 (object, 2 long)

number of tries remaining: 10

^^^^^^^^^^^^^^^^^^^^^^



vvvvvvvvvvvvvvvvvvvvvv

reviewing contract contract-669105-Volhaven.cct on host univ-energy

type: Algorithmic Stock Trader II

Contract type 'Algorithmic Stock Trader II' unrecognized!

contract description:

You are given the following array of stock prices (which are numbers) where the i-th element represents the stock price on day i:

 56,61,163,68,141,8,80,109,168,60,118,166,23,116,51,91,186,112,67,102

 Determine the maximum possible profit you can earn using as many transactions as you'd like. A transaction is defined as buying and then selling one share of the stock. Note that you cannot engage in multiple transactions at once. In other words, you must sell the stock before you buy it again.

 If no profit can be made, then the answer should be 0

contract data: 56,61,163,68,141,8,80,109,168,60,118,166,23,116,51,91,186,112,67,102 (object, 20 long)

number of tries remaining: 10

^^^^^^^^^^^^^^^^^^^^^^


vvvvvvvvvvvvvvvvvvvvvv

reviewing contract contract-911439.cct on host aevum-police

type: Merge Overlapping Intervals

Contract type 'Merge Overlapping Intervals' unrecognized!

contract description:

Given the following array of array of numbers representing a list of intervals, merge all overlapping intervals.

 [[3,7],[11,13],[11,18],[23,29],[1,3],[2,11]]

 Example:

 [[1, 3], [8, 10], [2, 6], [10, 16]]

 would merge into [[1, 6], [8, 16]].

 The intervals must be returned in ASCENDING order. You can assume that in an interval, the first number will always be smaller than the second.

contract data: 3,7,11,13,11,18,23,29,1,3,2,11 (object, 6 long)

number of tries remaining: 15

^^^^^^^^^^^^^^^^^^^^^^


vvvvvvvvvvvvvvvvvvvvvv

reviewing contract contract-157323.cct on host vitalife

type: Spiralize Matrix

Contract type 'Spiralize Matrix' unrecognized!

contract description:

Given the following array of arrays of numbers representing a 2D matrix, return the elements of the matrix as an array in spiral order:

&nbsp;&nbsp;&nbsp;&nbsp;[
&nbsp;&nbsp;&nbsp;&nbsp;&nbsp;&nbsp;&nbsp;&nbsp;[50,43,19, 5,46,11,29,35]
&nbsp;&nbsp;&nbsp;&nbsp;&nbsp;&nbsp;&nbsp;&nbsp;[ 4,35,16,16, 6,46, 4,49]
&nbsp;&nbsp;&nbsp;&nbsp;&nbsp;&nbsp;&nbsp;&nbsp;[24,23,13,23,34,17,45,25]
&nbsp;&nbsp;&nbsp;&nbsp;&nbsp;&nbsp;&nbsp;&nbsp;[15,11,26,43,47,49,10,15]
&nbsp;&nbsp;&nbsp;&nbsp;&nbsp;&nbsp;&nbsp;&nbsp;[28,40,38, 5,10,33,11,46]
&nbsp;&nbsp;&nbsp;&nbsp;&nbsp;&nbsp;&nbsp;&nbsp;[ 1,13,17,27,45,37, 9, 2]
&nbsp;&nbsp;&nbsp;&nbsp;&nbsp;&nbsp;&nbsp;&nbsp;[27,38, 6,45,38,15,47,23]
&nbsp;&nbsp;&nbsp;&nbsp;&nbsp;&nbsp;&nbsp;&nbsp;[20,11,15,48,23, 1,25,25]
&nbsp;&nbsp;&nbsp;&nbsp;&nbsp;&nbsp;&nbsp;&nbsp;[ 4,44,13,15,28,10,39,24]
&nbsp;&nbsp;&nbsp;&nbsp;&nbsp;&nbsp;&nbsp;&nbsp;[47,38,19,31, 5,27,31,32]
&nbsp;&nbsp;&nbsp;&nbsp;&nbsp;&nbsp;&nbsp;&nbsp;[43,41,11,33,10,28,45,29]
&nbsp;&nbsp;&nbsp;&nbsp;]

Here is an example of what spiral order should be:

 &nbsp;&nbsp;&nbsp;&nbsp;[
 &nbsp;&nbsp;&nbsp;&nbsp;&nbsp;&nbsp;&nbsp;&nbsp;[1, 2, 3]
 &nbsp;&nbsp;&nbsp;&nbsp;&nbsp;&nbsp;&nbsp;&nbsp;[4, 5, 6]
 &nbsp;&nbsp;&nbsp;&nbsp;&nbsp;&nbsp;&nbsp;&nbsp;[7, 8, 9]
 &nbsp;&nbsp;&nbsp;&nbsp;]

 Answer: [1, 2, 3, 6, 9, 8 ,7, 4, 5]

 Note that the matrix will not always be square:

 &nbsp;&nbsp;&nbsp;&nbsp;[
 &nbsp;&nbsp;&nbsp;&nbsp;&nbsp;&nbsp;&nbsp;&nbsp;[1,&nbsp;&nbsp;2,&nbsp;&nbsp;3,&nbsp;&nbsp;4]
 &nbsp;&nbsp;&nbsp;&nbsp;&nbsp;&nbsp;&nbsp;&nbsp;[5,&nbsp;&nbsp;6,&nbsp;&nbsp;7,&nbsp;&nbsp;8]
 &nbsp;&nbsp;&nbsp;&nbsp;&nbsp;&nbsp;&nbsp;&nbsp;[9,&nbsp;10,&nbsp;11,&nbsp;12]
 &nbsp;&nbsp;&nbsp;&nbsp;]

 Answer: [1, 2, 3, 4, 8, 12, 11, 10, 9, 5, 6, 7]

contract data: 50,43,19,5,46,11,29,35,4,35,16,16,6,46,4,49,24,23,13,23,34,17,45,25,15,11,26,43,47,49,10,15,28,40,38,5,10,33,11,46,1,13,17,27,45,37,9,2,27,38,6,45,38,15,47,23,20,11,15,48,23,1,25,25,4,44,13,15,28,10,39,24,47,38,19,31,5,27,31,32,43,41,11,33,10,28,45,29 (object, 11 long)

number of tries remaining: 10

^^^^^^^^^^^^^^^^^^^^^^



vvvvvvvvvvvvvvvvvvvvvv

reviewing contract contract-381088.cct on host .

type: Find Largest Prime Factor

Contract type 'Find Largest Prime Factor' unrecognized!

contract description:

A prime factor is a factor that is a prime number. What is the largest prime factor of 27133381?

contract data: 27133381 (number, -1 long)

number of tries remaining: 10

^^^^^^^^^^^^^^^^^^^^^^



vvvvvvvvvvvvvvvvvvvvvv

reviewing contract contract-375025.cct on host powerhouse-fitness

type: Merge Overlapping Intervals

Contract type 'Merge Overlapping Intervals' unrecognized!

contract description:

Given the following array of array of numbers representing a list of intervals, merge all overlapping intervals.

 [[9,18],[25,29],[2,3],[3,12],[17,27],[15,24],[24,30],[4,7],[10,12],[18,24]]

 Example:

 [[1, 3], [8, 10], [2, 6], [10, 16]]

 would merge into [[1, 6], [8, 16]].

 The intervals must be returned in ASCENDING order. You can assume that in an interval, the first number will always be smaller than the second.

contract data: 9,18,25,29,2,3,3,12,17,27,15,24,24,30,4,7,10,12,18,24 (object, 10 long)

number of tries remaining: 15

^^^^^^^^^^^^^^^^^^^^^^



vvvvvvvvvvvvvvvvvvvvvv

reviewing contract contract-650985.cct on host clarkinc

type: Find All Valid Math Expressions

Contract type 'Find All Valid Math Expressions' unrecognized!

contract description:

You are given the following string which contains only digits between 0 and 9:

 700679512

 You are also given a target number of 18. Return all possible ways you can add the +, -, and * operators to the string such that it evaluates to the target number.

 The provided answer should be an array of strings containing the valid expressions. The data provided by this problem is an array with two elements. The first element is the string of digits, while the second element is the target number:

 ["700679512", 18]

 NOTE: Numbers in the expression cannot have leading 0's. In other words, "1+01" is not a valid expression Examples:

 Input: digits = "123", target = 6
 Output: [1+2+3, 1*2*3]

 Input: digits = "105", target = 5
 Output: [1*0+5, 10-5]

contract data: 700679512,18 (object, 2 long)

number of tries remaining: 10

^^^^^^^^^^^^^^^^^^^^^^



vvvvvvvvvvvvvvvvvvvvvv

reviewing contract contract-703963-CyberSec.cct on host megacorp

type: Find All Valid Math Expressions

Contract type 'Find All Valid Math Expressions' unrecognized!

contract description:

You are given the following string which contains only digits between 0 and 9:

 577773

 You are also given a target number of 91. Return all possible ways you can add the +, -, and * operators to the string such that it evaluates to the target number.

 The provided answer should be an array of strings containing the valid expressions. The data provided by this problem is an array with two elements. The first element is the string of digits, while the second element is the target number:

 ["577773", 91]

 NOTE: Numbers in the expression cannot have leading 0's. In other words, "1+01" is not a valid expression Examples:

 Input: digits = "123", target = 6
 Output: [1+2+3, 1*2*3]

 Input: digits = "105", target = 5
 Output: [1*0+5, 10-5]

contract data: 577773,91 (object, 2 long)

number of tries remaining: 10

^^^^^^^^^^^^^^^^^^^^^^



vvvvvvvvvvvvvvvvvvvvvv

reviewing contract contract-415984.cct on host ecorp

type: Algorithmic Stock Trader I

80,79,187,111,143,189,182,5,136,78,46,68,74,155,100,149,22,146,113,9,194,82,71,35,161,107

buy day 0, sell day 2 = 107

buy day 0, sell day 5 = 109

buy day 0, sell day 20 = 114

buy day 1, sell day 20 = 115

buy day 7, sell day 8 = 131

buy day 7, sell day 13 = 150

buy day 7, sell day 20 = 189

proposed answer: 189

Contract has 5 tries remaining! You'll have to solve it manually.

contract description:

You are given the following array of stock prices (which are numbers) where the i-th element represents the stock price on day i:

 80,79,187,111,143,189,182,5,136,78,46,68,74,155,100,149,22,146,113,9,194,82,71,35,161,107

 Determine the maximum possible profit you can earn using at most one transaction (i.e. you can only buy and sell the stock once). If no profit can be made then the answer should be 0. Note that you have to buy the stock before you can sell it

contract data: 80,79,187,111,143,189,182,5,136,78,46,68,74,155,100,149,22,146,113,9,194,82,71,35,161,107 (object, 26 long)

number of tries remaining: 5

^^^^^^^^^^^^^^^^^^^^^^
